26,942
26,941
26,940
26,939
26,938
26,937
26,936
26,935
26,934
26,933
26,932
26,931
26,930
26,929
26,928
26,927
26,926
26,925
26,924
26,923
26,922
26,921
26,920
26,919
26,918
26,917
26,916
26,915
26,914
26,913
26,912
26,911
26,910
26,909
26,908
26,907
26,906
26,905
26,904
26,903
26,902
26,901
26,900
26,899
26,898
26,897
26,896
26,895
26,894
26,893
26,892
26,891
26,890
26,889
26,888
26,887
26,886
26,885
26,884
26,883
26,882
26,881
26,880
26,879
26,878
26,877
26,876
26,875
26,874
26,873
26,872
26,871
26,870
26,869
26,868
26,867
26,866
26,865
26,864
26,863
26,862
26,861
26,860
26,859
26,858
26,857
26,856
26,855
26,854
26,853
26,852
26,851
26,850
26,849
26,848
26,847
26,846
26,845
26,844
26,843
26,842
26,841
26,840
26,839
26,838
26,837
26,836
26,835
26,834
26,833
26,832
26,831
26,830
26,829
26,828
26,827
26,826
26,825
26,824
26,823
26,822
26,821
26,820
26,819
26,818
26,817
26,816
26,815
26,814
26,813
26,812
26,811
26,810
26,809
26,808
26,807
26,806
26,805
26,804
26,803
26,802
26,801
26,800
26,799
26,798
26,797
26,796
26,795
26,794
26,793
26,792
26,791
26,790
26,789
26,788
26,787
26,786
26,785
26,784
26,783
26,782
26,781
26,780
26,779
26,778
26,777
26,776
26,775
26,774
26,773
26,772
26,771
26,770
26,769
26,768
26,767
26,766
26,765
26,764
26,763
26,762
26,761
26,760
26,759
26,758
26,757
26,756
26,755
26,754
26,753
26,752
26,751
26,750
26,749
26,748
26,747
26,746
26,745
26,744
26,743
26,742
26,741
26,740
26,739
26,738
26,737
26,736
26,735
26,734
26,733
26,732
26,731
26,730
26,729
26,728
26,727
26,726
26,725
26,724
26,723
26,722
26,721
26,720
0,393
26,719
26,718
26,717
26,716
26,715
26,714
26,713
26,712
26,711
26,710
26,709
26,708
26,707
26,706
26,705
26,704
26,703
26,702
26,701
26,700
26,699
26,698
26,697
26,696
26,695
26,694
26,693
26,692
26,691
26,690
26,689
26,688
26,687
26,686
26,685
26,684
26,683
26,682
26,681
26,680
26,679
26,678
26,677
26,676
26,675
26,674
26,673
26,672
26,671
26,670
26,669
26,668
26,667
26,666
26,665
26,664
26,663
26,662
26,661
26,660
26,659
26,658
26,657
26,656
26,655
26,654
26,653
26,652
26,651
26,650
26,649
26,648
26,647
26,646
26,645
26,644
26,643
26,642
26,641
26,640
26,639
26,638
26,637
26,636
26,635
26,634
26,633
26,632
26,631
26,630
26,629
26,628
